(0.8785005211830139, array([[    0,     0,     0,     0,     0,     0],
       [    0,  9063,     0,    42,     0,     1],
       [    0,  1099,    31,  1201,     0,    10],
       [    1,     7,     0, 37016,     0,   982],
       [   17,     4,     0,   129,  6436,   986],
       [   13,     4,     0,  4800,    45, 14994]]), 0.8837885856628418, array([[ 9062,     0,    42,     0,     1],
       [ 1095,    31,  1197,     0,    10],
       [    6,     0, 36713,     0,   950],
       [    3,     0,   105,  6034,   686],
       [    3,     0,  4523,    45, 14065]]), 0.7077922224998474, array([[  0,   0,   0,   0,   0,   0],
       [  0,   1,   0,   0,   0,   0],
       [  0,   4,   0,   4,   0,   0],
       [  1,   1,   0, 303,   0,  32],
       [ 17,   1,   0,  24, 402, 300],
       [ 13,   1,   0, 277,   0, 929]]))


Generated with knn_pbmc.py
preds = utilities.knn_consensus_batch(X, confident_labels, 200, converge=False, one_epoch=True, batch_size=1000)
