(0.9313614368438721, array([[    0,     0,     0,     0,     0,     0],
       [    0,  9102,     1,     3,     0,     0],
       [    0,    22,  2291,    24,     2,     2],
       [    1,    10,    13, 37670,     2,   310],
       [   17,     4,     3,    70,  6917,   561],
       [   13,     7,     0,  4208,     4, 15624]]), 0.9382870197296143, array([[ 9101,     1,     3,     0,     0],
       [   18,  2291,    20,     2,     2],
       [    9,    13, 37367,     2,   278],
       [    3,     3,    46,  6515,   261],
       [    6,     0,  3931,     4, 14695]]), 0.7077922224998474, array([[  0,   0,   0,   0,   0,   0],
       [  0,   1,   0,   0,   0,   0],
       [  0,   4,   0,   4,   0,   0],
       [  1,   1,   0, 303,   0,  32],
       [ 17,   1,   0,  24, 402, 300],
       [ 13,   1,   0, 277,   0, 929]]))

generated with: knn_pbmc.py
preds = utilities.knn_consensus_batch(X, confident_labels, 200, converge=True, one_epoch=False, batch_size=1000, keep_conf=True)
