srun --mem=132g --time=120 --partition=gpu python -u check_tool_accuracy.py
loading pre trained
scina results
(0.5159142017364502, array([[    0,     0,     0,     0,     0,     0],
       [   86,  9014,     1,     0,     0,     5],
       [  135,    17,  2130,    47,     4,     8],
       [ 1694,    10,    18,  2916,   133, 33235],
       [   52,     0,     2,     0,  7494,    24],
       [  343,     5,     2,     3,  1393, 18110]]), 0.5081197619438171, array([[    0,     0,     0,     0,     0,     0],
       [   86,  9013,     1,     0,     0,     5],
       [  131,    16,  2128,    47,     3,     8],
       [ 1638,     6,    17,  2915,   128, 32965],
       [   45,     0,     2,     0,  6764,    17],
       [  188,     5,     2,     3,  1367, 17071]]), 0.767532467842102, array([[   0,    0,    0,    0,    0,    0],
       [   0,    1,    0,    0,    0,    0],
       [   4,    1,    2,    0,    1,    0],
       [  56,    4,    1,    1,    5,  270],
       [   7,    0,    0,    0,  730,    7],
       [ 155,    0,    0,    0,   26, 1039]]))
b_cells
0.9898967713595431
cd14_monocytes
0.9098675779581376
cd4_t_cell
0.07672472767457769
cd56_nk
0.9896988906497622
cd8_t_cell
0.9120668815471394
None
(0.7334451675415039, array([[    0,     0,     0,     0,     0,     0],
       [  559,  8545,     0,     1,     0,     1],
       [ 1145,    18,  1160,    13,     5,     0],
       [ 8572,   334,    44, 28838,     4,   214],
       [ 2966,    17,     1,    75,  4500,    13],
       [ 1572,   295,    12,  4315,   317, 13345]]), 0.7542341947555542, array([[    0,     0,     0,     0,     0,     0],
       [  559,  8545,     0,     1,     0,     0],
       [ 1138,    17,  1160,    13,     5,     0],
       [ 8407,   293,    34, 28787,     3,   145],
       [ 2283,     7,     1,    36,  4488,    13],
       [  686,    86,     5,  4305,   290, 13264]]), 0.062337663024663925, array([[  0,   0,   0,   0,   0,   0],
       [  0,   0,   0,   0,   0,   1],
       [  7,   1,   0,   0,   0,   0],
       [165,  41,  10,  51,   1,  69],
       [683,  10,   0,  39,  12,   0],
       [886, 209,   7,  10,  27,  81]]))
b_cells
0.9383922688337359
cd14_monocytes
0.49551473729175566
cd4_t_cell
0.7587749302741672
cd56_nk
0.5942947702060222
cd8_t_cell
0.6720890410958904
None
sctype results
(0.8545544147491455, array([[    0,     0,     0,     0,     0,     0],
       [    2,  9100,     1,     2,     1,     0],
       [    0,    26,  2289,    18,     4,     4],
       [ 9101,    63,    14, 27938,    98,   792],
       [    9,     4,     3,    20,  7475,    61],
       [  381,     6,     0,   544,    28, 18897]]), 0.8557616472244263, array([[    0,     0,     0,     0,     0,     0],
       [    2,  9099,     1,     2,     1,     0],
       [    0,    21,  2287,    18,     3,     4],
       [ 8986,    34,    12, 27908,    38,   691],
       [    8,     4,     3,    19,  6745,    49],
       [  296,     5,     0,   543,    16, 17776]]), 0.8155844211578369, array([[   0,    0,    0,    0,    0,    0],
       [   0,    1,    0,    0,    0,    0],
       [   0,    5,    2,    0,    1,    0],
       [ 115,   29,    2,   30,   60,  101],
       [   1,    0,    0,    1,  730,   12],
       [  85,    1,    0,    1,   12, 1121]]))
b_cells
0.999341093784318
cd14_monocytes
0.9777872703972661
cd4_t_cell
0.735094458769668
cd56_nk
0.9871896460644479
cd8_t_cell
0.9517022562449637
None
(0.854866623878479, array([[    0,     0,     0,     0,     0,     0],
       [    2,  9100,     1,     2,     1,     0],
       [    0,     2,  2313,    18,     4,     4],
       [ 9101,     3,    74, 27938,    98,   792],
       [    9,     2,     5,    20,  7475,    61],
       [  381,     4,     2,   544,    28, 18897]]), 0.8560163974761963, array([[    0,     0,     0,     0,     0,     0],
       [    2,  9099,     1,     2,     1,     0],
       [    0,     2,  2306,    18,     3,     4],
       [ 8986,     3,    43, 27908,    38,   691],
       [    8,     2,     5,    19,  6745,    49],
       [  296,     4,     1,   543,    16, 17776]]), 0.8177489042282104, array([[   0,    0,    0,    0,    0,    0],
       [   0,    1,    0,    0,    0,    0],
       [   0,    0,    7,    0,    1,    0],
       [ 115,    0,   31,   30,   60,  101],
       [   1,    0,    0,    1,  730,   12],
       [  85,    0,    1,    1,   12, 1121]]))
b_cells
0.999341093784318
cd14_monocytes
0.9880392994446817
cd4_t_cell
0.735094458769668
cd56_nk
0.9871896460644479
cd8_t_cell
0.9517022562449637
None
scsorter results
(0.8762633204460144, array([[    0,     0,     0,     0,     0,     0],
       [    0,  9104,     0,     1,     0,     1],
       [    0,   240,  2077,     7,     7,    10],
       [    4,   262,     6, 32070,   112,  5552],
       [    1,    12,     2,    18,  7522,    17],
       [    2,    24,     1,  2159,  1075, 16595]]), 0.8798058032989502, array([[    0,     0,     0,     0,     0,     0],
       [    0,  9103,     0,     1,     0,     1],
       [    0,   236,  2076,     7,     5,     9],
       [    4,   221,     4, 31888,   104,  5448],
       [    1,    11,     2,    18,  6782,    14],
       [    2,    11,     0,  1822,  1042, 15759]]), 0.761904776096344, array([[  1,   0,   0,   0,   0],
       [  4,   1,   0,   2,   1],
       [ 41,   2, 182,   8, 104],
       [  1,   0,   0, 740,   3],
       [ 13,   1, 337,  33, 836]]))
b_cells
0.9997803645947727
cd14_monocytes
0.887227680478428
cd4_t_cell
0.8438141346103247
cd56_nk
0.9933967247754887
cd8_t_cell
0.8357675261885577
None
(0.7148450016975403, array([[    0,     0,     0,     0,     0,     0],
       [   38,  9065,     0,     2,     0,     1],
       [  201,    20,  1973,   140,     2,     5],
       [  357,    42,     8, 19350,     0, 18249],
       [  702,    19,     2,    58,  6331,   460],
       [   48,    28,     1,  1529,    11, 18239]]), 0.7165788412094116, array([[    0,     0,     0,     0,     0,     0],
       [   38,  9065,     0,     2,     0,     0],
       [  195,    20,  1972,   140,     2,     4],
       [  334,    28,     7, 19335,     0, 17965],
       [  527,     7,     1,    31,  5982,   280],
       [   43,     7,     0,  1494,    10, 17082]]), 0.6588744521141052, array([[   0,    0,    0,    0,    0,    0],
       [   0,    0,    0,    0,    0,    1],
       [   6,    0,    1,    0,    0,    1],
       [  23,   14,    1,   15,    0,  284],
       [ 175,   12,    1,   27,  349,  180],
       [   5,   21,    1,   35,    1, 1157]]))
b_cells
0.9954974741928398
cd14_monocytes
0.8428022212729602
cd4_t_cell
0.5091301373467347
cd56_nk
0.8361067089276281
cd8_t_cell
0.9185636583400484
None

